A:
[[0.63598052 0.37473468 0.29238105 ... 0.98124432 0.15114051 0.84887664]
 [0.07692194 0.95048599 0.60859377 ... 0.82031638 0.14273753 0.51161465]
 [0.87395432 0.95155967 0.36732432 ... 0.36414515 0.51049754 0.94414439]
 ...
 [0.17716489 0.76202476 0.51245118 ... 0.51227237 0.82207157 0.06352736]
 [0.81470057 0.23014832 0.41477709 ... 0.49253409 0.74583977 0.49732696]
 [0.80545782 0.13803005 0.6056265  ... 0.35981094 0.47142137 0.41841904]]
--------------------------------------
x0:
[0.53437067 0.54438818 0.49630523 0.32058652 0.72618829 0.64294395
 0.47806942 0.87638665 0.10759742 0.62661679 0.11877197 0.44680771
 0.93268308 0.81354599 0.73871809 0.04837611 0.61691467 0.81100928
 0.59758687 0.4561496  0.87653967 0.56364324 0.05368868 0.21766991
 0.93881662 0.93487834 0.23800876 0.47794004 0.6381333  0.48921281
 0.81129479 0.31643036 0.90213791 0.52909537 0.81514113 0.65999536
 0.20913796 0.9291567  0.74350111 0.02284553 0.96260457 0.20492964
 0.81482113 0.24110558 0.50535122 0.35441676 0.05358065 0.42252457
 0.45942314 0.9494338  0.01878568 0.37357058 0.42530748 0.69858337
 0.01527228 0.2662085  0.60862399 0.49088584 0.54473701 0.59353271
 0.42828113 0.8084473  0.18295661 0.84043633 0.32656831 0.81673821
 0.35460407 0.84737762 0.72206884 0.29141993 0.81787113 0.24629193
 0.51457041 0.96392398 0.97528661 0.8899849  0.04285228 0.19990556
 0.24324269 0.22462912 0.24584727 0.93763907 0.22012201 0.24865487
 0.81302078 0.57316951 0.30036997 0.481799   0.20750747 0.78256362
 0.94568796 0.9921907  0.89790095 0.66823523 0.23357379 0.48934885
 0.24232336 0.30722289 0.19316277 0.34349926]
--------------------------------------
b:
[26.56807573 26.23259906 25.17916476 24.90340854 22.45424066 27.98643537
 26.93908301 26.15148216 22.05593449 25.00948239 27.07590637 22.44933579
 25.52275953 25.92254038 25.04899402 25.92675541 25.28022568 26.18677162
 27.84348308 23.66921735 24.92035846 28.1739562  29.81759983 24.815667
 25.8214897  26.87741209 26.10086101 22.28876252 26.88544994 28.98384671]
--------------------------------------
从可行点出发的newton方法
x*:
[0.48012753 0.42260119 0.31569734 0.49045042 0.63472024 0.47071104
 0.5723698  0.48767075 0.22344603 0.50327853 0.43962778 0.37733329
 0.59401201 0.66800768 0.94346258 0.40648847 0.67388636 0.53742479
 0.60845078 0.50367284 0.63921891 0.39346403 0.34068723 0.39874007
 0.53013491 0.78173468 0.59549413 0.62566904 0.55849933 0.48571823
 0.7382475  0.35031462 0.60829274 0.7430064  0.53804583 0.56143577
 0.4530528  0.76897724 0.56478702 0.24888257 0.61347109 0.86607534
 0.8378021  0.29850577 0.51433501 0.23357315 0.61193567 0.71957995
 0.4355923  0.48996965 0.5339413  0.41104815 0.42985124 0.5100925
 0.44009229 0.31021202 0.57462786 0.65368659 0.32253323 0.56991256
 0.37196579 0.72161382 0.40712451 0.67301691 0.39703301 0.45833619
 0.35077285 0.75045361 0.94549619 0.47800935 0.57873453 0.38720348
 0.52967846 0.46227048 0.8765293  0.57426849 0.37960485 0.4244455
 0.25591414 0.5892786  0.55643788 0.65198666 0.28760331 0.41351864
 0.58084697 0.56790546 0.52331063 0.49494209 0.40714539 0.45156056
 0.5659455  0.91735158 0.43157787 0.30640322 0.55168655 0.44520868
 0.36400753 0.5027495  0.55059037 0.44692159]
v*:
[ 0.19619488  0.1211608   0.28164531  0.08103986 -0.03426048 -0.33239848
 -0.17530736 -0.2063435   0.33638532  0.09225167  0.01581467  0.29212552
  0.09342017  0.08063234 -0.08087359  0.01072746  0.2589923  -0.02205708
 -0.0811698  -0.25562785 -0.5165339  -0.07076735 -0.28056558  0.08417664
  0.06196199 -0.17003281 -0.17255598  0.06938415 -0.23979847 -0.05375969]
p*
-31.617170895623026
total time:
0.039811134338378906
per time:
0.006635189056396484
--------------------------------------
从不可行点出发的newton方法
x*:
[0.48012753 0.42260119 0.31569734 0.49045042 0.63472024 0.47071104
 0.5723698  0.48767075 0.22344603 0.50327853 0.43962778 0.37733329
 0.59401201 0.66800768 0.94346258 0.40648847 0.67388636 0.53742479
 0.60845078 0.50367284 0.63921891 0.39346403 0.34068723 0.39874007
 0.53013491 0.78173468 0.59549413 0.62566904 0.55849933 0.48571823
 0.7382475  0.35031462 0.60829274 0.7430064  0.53804583 0.56143577
 0.4530528  0.76897724 0.56478702 0.24888257 0.61347109 0.86607534
 0.8378021  0.29850577 0.51433501 0.23357315 0.61193567 0.71957995
 0.4355923  0.48996965 0.5339413  0.41104815 0.42985124 0.5100925
 0.44009229 0.31021202 0.57462786 0.65368659 0.32253323 0.56991256
 0.37196579 0.72161382 0.40712451 0.67301691 0.39703301 0.45833619
 0.35077285 0.75045361 0.94549619 0.47800935 0.57873453 0.38720348
 0.52967846 0.46227048 0.8765293  0.57426849 0.37960485 0.4244455
 0.25591414 0.5892786  0.55643788 0.65198666 0.28760331 0.41351864
 0.58084697 0.56790546 0.52331063 0.49494209 0.40714539 0.45156056
 0.5659455  0.91735158 0.43157787 0.30640322 0.55168655 0.44520869
 0.36400753 0.5027495  0.55059037 0.44692159]
v*:
[ 0.19619488  0.1211608   0.28164531  0.08103986 -0.03426048 -0.33239848
 -0.17530736 -0.2063435   0.33638532  0.09225167  0.01581467  0.29212552
  0.09342017  0.08063234 -0.08087359  0.01072746  0.2589923  -0.02205708
 -0.0811698  -0.25562785 -0.5165339  -0.07076735 -0.28056558  0.08417664
  0.06196199 -0.17003281 -0.17255598  0.06938415 -0.23979847 -0.05375969]
p*
-31.617170895623026
total time:
0.02892303466796875
per time:
0.00578460693359375
--------------------------------------
使用无约束newton方法计算对偶问题
x*:
[0.48012771 0.42260109 0.31569733 0.49045044 0.63472033 0.4707112
 0.57236978 0.48767071 0.22344608 0.50327862 0.43962789 0.3773332
 0.59401239 0.66800758 0.94346287 0.40648845 0.67388634 0.53742494
 0.60845081 0.50367287 0.63921896 0.393464   0.34068724 0.39874011
 0.53013492 0.78173523 0.5954942  0.62566939 0.55849933 0.48571829
 0.73824762 0.35031462 0.60829294 0.74300648 0.53804609 0.56143587
 0.45305281 0.76897731 0.56478696 0.24888251 0.61347133 0.86607566
 0.83780252 0.29850584 0.51433498 0.23357308 0.61193596 0.7195801
 0.43559238 0.48996966 0.53394158 0.41104827 0.42985131 0.51009262
 0.44009231 0.31021195 0.57462783 0.65368668 0.32253318 0.56991259
 0.3719658  0.72161391 0.40712444 0.67301717 0.39703298 0.45833615
 0.35077286 0.75045405 0.94549725 0.47800941 0.57873463 0.38720343
 0.52967846 0.46227048 0.87653052 0.5742686  0.37960477 0.4244455
 0.25591415 0.5892785  0.55643781 0.65198695 0.28760322 0.41351849
 0.58084716 0.5679055  0.52331076 0.49494233 0.40714549 0.45156065
 0.56594539 0.91735271 0.43157781 0.30640314 0.55168667 0.44520865
 0.3640075  0.50274951 0.55059033 0.4469216 ]
v*:
[ 0.19619508  0.12116101  0.28164563  0.08103975 -0.03426057 -0.33239879
 -0.17530749 -0.20634378  0.33638548  0.09225144  0.01581464  0.29212582
  0.09342011  0.08063246 -0.08087328  0.01072715  0.25899241 -0.02205721
 -0.08116961 -0.25562817 -0.51653423 -0.07076729 -0.28056576  0.08417666
  0.06196223 -0.17003262 -0.17255602  0.06938442 -0.23979861 -0.05375995]
p*
-31.617170895626867
total time:
0.011968135833740234
per time:
0.0029920339584350586